35 277
1 2
1 4
1 5
1 6
1 7
1 9
1 11
1 12
1 13
1 16
1 17
1 19
1 23
1 25
1 28
1 30
1 32
1 35
2 3
2 6
2 12
2 14
2 15
2 17
2 23
2 24
2 25
2 30
2 33
2 34
2 35
3 4
3 5
3 10
3 11
3 14
3 16
3 17
3 19
3 20
3 21
3 24
3 25
3 26
3 28
3 29
3 30
3 31
3 32
3 33
3 35
4 8
4 9
4 10
4 11
4 12
4 14
4 16
4 17
4 20
4 21
4 22
4 23
4 24
4 25
4 26
4 30
4 31
4 32
4 33
4 35
5 11
5 12
5 13
5 14
5 15
5 17
5 18
5 27
5 28
5 29
5 31
5 32
5 33
5 34
6 7
6 9
6 10
6 12
6 13
6 15
6 21
6 22
6 24
6 25
6 29
6 32
7 11
7 17
7 19
7 22
7 25
7 28
7 29
7 31
7 35
8 10
8 16
8 18
8 19
8 20
8 23
8 24
8 25
8 29
8 31
8 33
8 35
9 13
9 14
9 18
9 19
9 20
9 23
9 25
9 26
9 28
9 29
9 31
9 35
10 11
10 13
10 16
10 17
10 19
10 22
10 24
10 25
10 29
11 13
11 14
11 15
11 18
11 19
11 20
11 21
11 22
11 23
11 30
11 32
11 34
12 15
12 18
12 20
12 23
12 24
12 25
12 27
12 28
12 30
12 31
13 14
13 15
13 16
13 18
13 20
13 21
13 22
13 25
13 26
13 27
13 33
13 35
14 21
14 22
14 23
14 28
14 29
14 30
14 33
14 34
14 35
15 16
15 18
15 19
15 20
15 22
15 28
15 29
15 30
15 32
15 33
15 34
16 17
16 20
16 21
16 22
16 23
16 27
16 29
16 30
16 31
16 32
16 34
16 35
17 23
17 27
17 28
17 35
18 20
18 21
18 25
18 26
18 33
19 21
19 26
19 27
19 28
19 29
19 30
19 32
19 34
20 24
20 26
20 27
20 28
20 30
20 32
20 34
21 24
21 26
21 27
21 28
21 30
21 31
21 32
22 25
22 28
22 29
22 31
22 32
22 33
22 34
22 35
23 26
23 28
23 30
23 34
23 35
24 26
24 30
24 32
24 34
24 35
25 26
25 28
25 30
25 34
25 35
26 27
26 30
26 31
27 30
27 31
27 34
28 32
28 34
29 30
29 32
29 33
29 35
30 33
30 35
31 32
31 35
33 34
34 35
